1484776546 8805
1484778180 1908
1484843867 3980
1484920769 4228
1485363540 4279
1485367010 4439
1485380648 4561
1485381226 4647
1485381784 4908
1485382114 5016
1485523488 5041
1485527621 5053
1485628493 8726
1485642021 8734
1485954625 8753
1486041170 7562
1486591354 7965
1486592522 8057
1486593336 8077
1486647614 8179
1486656997 8108
1486659187 8122
1487174784 8057
1487176572 8067
1487181086 8214
1487182429 8268
1487194255 8406
1487196007 8436
1487198106 8433
1487198298 8433
1487198571 8433
1487198822 8432
1487198856 8432
1487207905 8432
1487324999 8456
1487856514 10059
1488880689 9076
1489153947 10955
1489662130 20966
1490197892 25843
1490365142 25945
1490373912 26052
1490379014 26149
1492533931 27614
1492764212 28870
1493214069 28924
1493214504 28924
1493383771 29568
1493817675 29419
1494408061 29260
1494511865 28617
1500887861 42529
1500994289 75434
1501061558 75434
1501080834 75568
1501493754 75868
1501515218 76261
1501679337 77940
1502097305 79103
1502098835 70494
1502286196 71049
1502294946 71091
1502728191 74748
1502900757 75441
1502957095 75577
1503256859 77869
1503402025 77840
1503937568 77868
1504267350 142622
1504268038 143743
1504527412 143768
1505136873 143768
1505148115 143767
1505316665 144564
1505324256 145766
1505396120 145944
1505485905 146236
1505923994 147201
1505924483 147137
1505924703 147137
1506012607 147077
1506027950 146798
1506093214 146448
1506097145 146482
1506327593 146502
1506331950 148101
1506332189 148195
1506332648 148194
1506332650 148195
1506347091 148334
1506352750 148336
1506514334 148588
1506517279 148584
1506676868 149131
1506677400 149100
1506688252 149100
1506698888 149142
1506703430 149142
1506753047 152363
1506796333 152788
1506904071 152813
1506940296 152022
1507129444 152650
1507131944 153223
1507132628 153254
1507132982 153258
1507135028 153257
1507138754 153296
1507139309 153296
1507139373 153297
1507202919 153220
1507207472 153151
1507215074 153771
1507216022 153769
1507225418 153818
1507225946 153838
1507226303 153872
1507229509 153929
1507554994 153948
1507557921 154080
1507629062 154144
1507904557 156305
1507908788 156289
1507911231 156278
1507912538 156276
1508253861 156828
1508254743 157321
1508348460 157500
1508349592 158921
1508352888 158902
1508405438 158911
1508410037 159036
1508491556 159054
1508495748 159167
1508543267 159529
1508737374 160716
1508926345 160767
1508939314 160764
1509025466 160776
1509025882 162177
1509384486 162007
1509385137 162010
1509385457 162019
1509400523 162082
1509402136 162075
1509402673 162073
1509558378 163030
1509616172 163039
1509622637 163066
1509720288 162621
1509725170 162489
1509726125 162549
1509730101 162557
1509922233 162676
1509929431 162680
1509929732 162681
1509930321 162688
1509930680 162682
1510581559 163267
1510589660 163589
1510591783 164132
1510591856 164137
1510596358 164136
1510596400 164131
1510596475 164224
1510654595 164227
1510656367 164224
1510766483 164782
1510770450 164778
1510837543 164782
1510839880 165789
1510850462 165952
1510853402 166041
1510915173 166043
1510927297 166043
1511011229 166033
1511370704 166035
1511370930 166046
1511380502 166051
1511453151 166360
1511453633 166359
1511529305 166363
1511535424 166747
1511538265 166837
1511538907 166841
1511542500 166849
1511805351 167177
1511953897 169476
1512046913 170035
1512055499 170040
1512382690 169905
1512383690 169923
1512412424 172590
1512469600 170465
1512576383 171830
1512577116 171830
1512577622 171839
1512578146 171840
1512578333 171936
1512581737 171948
1512586235 171916
1512587848 171916
1512598351 171919
1512598565 171919
1512599824 171922
1512745728 172071
1513004416 172104
1513072625 172569
1513082093 172566
1513082394 172567
1513105624 172567
1513159847 172505
1513161039 172529
1513265882 172879
1513267329 172824
1513350823 173008
1513608289 174070
1513608959 174082
1513767460 99848
1513767996 99848
1513773259 99852
1513777874 99874
1513779310 99879
1513780939 99882
1513785239 99882
1513791523 101067
1513851895 101071
1513948225 101071
1513950710 101071
1513953145 101102
1513963916 101710
1514454618 102362
1514482341 102467
1514487126 102435
1514657545 103992
1514899840 104049
1514905109 104035
1514905243 104020
1514907108 104032
1514911716 104047
1514912914 104047
1514913360 104047
1514928513 104046
1514928633 104032
1514930626 104032
1514930977 103659
1514931727 103660
1514974666 103661
1515088082 104763
1515403173 104763
1515686322 105586
1515714800 105597
1515755146 105630
1515760217 105655
1515774316 105655
1515775667 105655
1515776560 105655
1515778245 105655
1516009992 105710
1516025960 105710
1516027284 105714
1516036867 105714
1516037490 105878
1516040405 105884
1516050009 105888
1516050515 105891
1516052026 105891
1516085443 105896
1516085471 105899
1516293604 106120
1516295139 106301
1516361235 106274
1516380877 106046
1516615105 106067
1516616558 106061
1516635875 106060
1516636179 106060
1516728403 108800
1516736147 108807
1516736538 108807
1516737745 108807
1516808569 109362
1516808723 109367
1516813652 109408
1516814311 109408
1516818559 109408
1516964347 109423
1517224910 109424
1517244427 111134
1517325152 111149
1517325678 111149
1517326673 111257
1517327029 111275
1517332663 111346
1517335074 111454
1517336184 111448
1517346057 111448
1517349206 111439
1517423828 111433
1517479170 111314
1517484169 111333
1517503552 111779
1517504281 111779
1517510315 111791
1517567727 111796
1517571088 111808
1517916971 112136
1517919601 112138
1517924122 112144
1517924390 112143
1517939188 112143
1517939408 112142
1517941591 112328
1518024196 112539
1518032823 112539
1518033006 112541
1518088987 112541
1518099129 112542
1518099651 112562
1518174672 113037
1518174706 113034
